200
135 36
1 4
175 72
95 99
97 87
196 90
119 150
111 160
151 169
13 136
88 29
49 121
23 185
5 105
98 71
0 53
124 35
26 163
199 43
85 154
113 68
179 123
41 117
189 33
145 172
86 106
153 144
31 174
155 188
164 22
128 51
165 125
8 148
131 60
19 21
186 66
7 38
182 139
194 197
82 56
104 20
58 159
81 167
15 166
141 46
16 116
198 157
158 107
67 94
92 181
32 126
10 170
122 89
143 59
39 177
55 192
127 18
96 42
102 2
6 191
176 103
112 28
65 74
61 3
11 101
64 12
57 14
91 70
138 193
69 73
162 147
146 187
149 168
25 80
84 156
30 63
115 142
129 180
52 93
9 76
133 48
75 173
120 190
110 140
137 62
50 83
77 100
27 178
108 184
40 114
183 109
152 24
47 34
37 45
195 54
161 132
78 44
130 17
79 171
118 134
